11 37 35 40 27 22 39 30 20 37 34 38 40 34 34 17 28 16 37 28 32 37 31 18 38 31 13 23 31 40 25 26 20 22 30 25 24 16 14 23
19 25 36 31 12 28 23 28 38 11 38 33 33 38 15 17 38 37 31 38 27 19 31 24 26 13 29 23 23 26 23 25 35 36 16 15 24 26 29 37
11 21 25 28 13 39 26 27 32 40 11 25 33 38 25 30 19 32 32 17 25 18 12 14 14 33 27 35 17 36 34 25 40 27 26 34 15 34 18 28
15 39 27 35 14 28 20 28 12 33 23 18 24 31 25 20 40 33 16 26 18 29 33 15 14 15 33 19 14 15 11 29 22 31 39 29 38 35 14 36
32 14 14 18 22 37 27 31 39 25 16 15 40 37 10 10 26 23 22 31 22 11 24 31 40 10 31 27 11 18 36 33 14 33 34 33 39 14 40 33
38 30 14 27 36 33 36 13 33 37 21 24 26 26 32 31 31 22 31 14 25 31 23 16 18 10 37 14 24 30 35 29 16 27 20 24 11 14 11 33
19 26 25 29 37 40 15 34 34 24 27 10 29 38 23 23 32 33 19 33 33 40 31 39 23 30 22 20 39 17 40 27 33 28 33 38 30 28 16 38
21 22 24 19 13 27 17 18 22 13 31 33 28 27 15 29 24 18 15 39 12 36 35 17 24 30 28 23 31 33 27 31 37 14 29 22 13 16 22 32
32 38 25 19 17 40 38 31 39 38 29 20 28 23 26 36 16 21 21 19 36 19 34 40 28 38 19 40 24 15 10 34 39 34 29 11 19 10 10 24
19 14 23 36 35 27 38 22 39 16 13 25 27 27 29 39 36 27 33 15 33 24 20 32 20 21 23 40 31 35 19 29 24 32 16 16 14 15 40 10
37 24 14 16 19 26 32 23 18 11 35 17 15 12 30 38 29 35 21 17 13 21 17 28 39 36 17 36 39 11 30 17 16 31 15 10 33 32 16 25
12 23 17 34 32 32 36 14 17 31 36 32 31 19 31 25 26 15 25 10 19 35 39 38 26 11 24 20 29 15 12 38 17 11 40 18 18 23 38 16
21 32 32 23 25 26 32 16 22 10 35 28 10 14 31 36 32 32 28 32 35 38 21 25 21 19 35 28 26 25 31 39 16 30 18 33 34 30 12 11
12 13 34 28 27 13 29 10 20 28 37 32 18 11 31 31 31 30 26 13 19 13 35 37 14 21 39 15 16 15 34 14 23 11 38 38 31 29 34 27
13 15 21 39 27 34 16 11 34 25 36 14 32 32 24 10 37 29 10 23 24 34 39 14 12 39 36 34 17 34 28 11 28 38 20 33 15 16 36 12
18 25 14 13 39 11 34 13 22 20 15 27 15 21 16 30 32 28 37 10 36 37 14 15 15 35 34 40 37 39 27 10 25 17 40 19 25 19 13 25
40 21 25 24 22 28 28 21 21 14 11 16 25 36 16 23 28 27 39 26 25 32 26 18 27 30 19 10 35 27 18 18 24 34 33 33 22 26 40 18
19 29 37 40 22 34 34 23 37 16 39 20 15 19 10 24 10 25 20 34 19 17 32 17 24 27 25 24 40 24 36 24 18 14 28 19 12 37 40 29
15 40 33 38 13 29 32 39 33 39 31 24 25 22 22 20 37 23 12 30 35 34 24 30 39 27 14 15 31 26 24 20 24 17 40 35 32 30 34 26
32 31 40 33 38 26 22 19 22 26 15 14 37 31 23 38 19 22 35 32 10 39 33 16 11 28 11 30 24 13 11 38 21 37 18 32 20 11 27 33
19 39 39 36 36 38 40 15 24 20 37 29 29 21 18 25 13 20 21 22 23 36 33 39 25 20 31 36 38 18 25 15 33 24 12 39 27 22 17 28
22 21 32 33 32 19 40 13 15 31 37 35 24 32 15 16 11 30 23 20 23 23 35 21 40 29 18 18 22 34 36 33 12 37 27 28 30 12 36 26
12 38 21 21 13 18 15 19 15 10 35 13 16 15 36 35 14 17 29 30 10 23 36 27 36 21 30 40 19 33 28 34 34 34 32 36 16 23 27 20
26 20 14 23 14 37 19 23 36 40 29 15 10 24 24 10 28 26 20 15 19 23 23 23 23 23 31 31 30 11 33 17 35 15 33 33 11 18 24 10
35 12 34 20 31 29 13 27 25 11 28 12 27 38 38 11 21 10 13 29 14 26 28 16 21 23 33 25 29 18 38 38 21 38 19 38 21 14 28 36
20 14 18 30 25 18 10 30 23 20 10 33 19 12 19 32 12 15 29 35 22 24 37 13 32 36 27 25 20 14 11 38 38 28 29 15 24 36 38 31
38 38 31 12 29 24 22 24 23 29 31 13 40 22 30 39 22 12 22 17 34 38 37 13 35 34 31 25 10 23 39 20 31 34 37 23 35 28 25 36
21 15 18 25 15 17 33 16 39 28 24 14 24 11 24 40 37 22 37 17 24 34 37 13 30 17 16 32 36 40 20 39 39 30 15 32 28 24 37 37
18 34 35 10 24 21 30 27 14 25 26 10 34 30 40 37 38 25 33 39 37 27 29 12 37 34 37 25 22 20 12 21 36 10 30 15 11 40 40 20
22 22 14 35 39 25 34 37 21 36 21 32 30 25 25 29 32 22 17 34 35 20 27 20 31 35 37 23 27 29 11 25 18 34 30 17 18 21 24 18
40 34 36 29 24 35 28 38 25 33 39 35 16 29 28 13 27 27 35 31 24 22 16 19 16 32 17 39 11 36 25 20 24 32 27 30 28 16 39 22
14 11 27 36 28 19 35 16 21 23 18 11 33 23 34 18 16 11 40 38 27 28 33 21 26 18 22 22 37 19 10 28 13 34 36 22 36 27 40 10
20 13 30 18 25 23 27 13 10 26 10 34 18 20 26 23 17 20 24 21 28 39 20 25 21 26 26 39 34 12 14 15 24 35 25 36 37 28 11 12
30 21 29 16 34 25 18 38 25 19 26 17 31 19 39 33 20 23 11 12 25 12 21 39 27 29 11 20 32 12 13 19 18 29 35 32 14 21 16 13
10 26 39 10 36 11 33 24 19 37 30 32 32 29 24 25 28 40 40 10 20 32 31 37 34 32 18 22 39 12 13 13 40 21 34 16 24 25 23 19
20 16 27 13 40 16 28 15 22 30 33 39 30 22 33 14 16 22 26 37 15 25 35 35 34 31 36 34 13 21 15 31 14 38 14 31 23 23 14 15
16 15 26 14 21 17 36 15 19 27 13 36 27 18 33 37 16 26 37 40 39 22 24 31 16 22 29 18 10 20 30 13 38 31 20 34 28 14 38 32
38 25 12 39 27 36 15 31 16 16 23 38 35 40 34 34 16 32 21 27 20 12 26 34 25 36 25 12 28 40 38 35 27 25 29 16 27 37 26 37
22 14 25 38 25 17 26 16 23 19 23 40 31 39 23 38 33 34 17 35 32 15 18 24 36 33 21 23 25 28 15 36 32 19 36 20 35 16 33 33
31 30 14 33 19 36 19 34 32 39 37 21 22 20 24 39 23 37 38 14 25 33 18 10 24 12 22 36 34 29 26 38 29 22 34 12 35 22 12 12
17 30 31 30 40 40 37 19 29 12 14 36 24 39 17 13 30 23 15 22 12 11 11 36 22 27 27 38 24 34 17 26 24 38 18 21 27 19 10 20
31 37 12 11 25 39 39 26 37 17 26 33 32 16 40 36 28 21 26 22 15 18 31 20 28 29 34 26 15 37 10 17 32 18 36 32 32 22 40 38
18 24 33 19 34 27 14 11 27 34 30 18 21 13 17 35 37 21 35 14 38 12 31 34 12 17 29 26 20 13 16 39 32 35 17 34 21 38 19 10
34 14 32 31 35 17 20 23 21 15 13 14 36 15 26 34 21 15 12 34 21 16 40 20 33 17 13 10 23 38 36 10 24 30 24 22 28 30 38 17
16 10 14 22 19 34 11 30 26 38 15 18 15 11 36 35 35 30 36 15 33 20 38 13 28 18 14 23 23 31 16 20 17 14 28 30 12 21 35 32
30 29 36 26 10 30 30 21 31 30 19 31 33 22 34 22 12 18 35 29 34 40 36 28 10 15 35 19 31 16 31 21 33 27 26 29 10 20 27 17
40 29 35 23 34 17 20 20 31 13 17 19 22 24 40 36 19 12 21 11 39 24 36 28 12 40 27 30 17 11 28 39 33 20 34 25 39 17 39 34
20 38 24 14 14 16 29 28 33 26 32 19 40 37 37 40 23 29 32 26 27 19 35 15 34 36 17 26 21 15 30 14 29 38 13 26 17 35 32 34
13 17 15 10 28 15 30 25 22 23 23 29 33 20 38 18 39 24 11 21 18 13 25 21 36 18 13 13 38 27 24 33 25 34 14 32 11 18 12 13
11 30 23 14 29 26 10 37 39 10 11 34 24 15 39 38 21 39 18 25 11 40 25 31 12 27 26 14 26 17 20 10 20 40 13 22 18 17 22 22
6 12
LLLJJLLLLJJJLLLLLLLJJJLJLLJJJJL
