30 33 14 30 36 12 22 25 25 34 21 20
25 34 37 17 17 36 21 13 32 40 21 14
16 15 34 23 23 29 40 28 39 15 10 13
29 23 34 11 10 22 17 39 20 38 19 19
38 24 34 11 37 17 13 25 26 12 27 37
17 16 32 33 12 15 30 31 18 21 25 40
36 39 36 34 32 15 38 31 11 11 34 11
19 12 36 16 34 32 39 27 26 33 19 31
16 20 21 11 19 39 16 26 13 28 26 14
20 19 15 26 38 12 15 25 30 12 25 12
40 12 25 38 24 16 22 29 22 30 32 24
36 18 29 34 13 24 39 38 17 16 19 11
24 14 12 18 19 18 18 39 33 19 31 35
26 11 31 22 36 17 14 39 23 14 36 24
30 10 11 15 26 39 14 26 32 24 17 37
30 39 32 12 10 35 15 24 36 39 28 37
22 28 36 14 21 29 16 25 10 14 39 28
23 23 10 29 17 15 11 23 31 40 22 31
32 40 25 34 14 23 40 12 20 38 20 39
33 40 27 11 20 19 10 16 27 34 13 13
14 21 18 29 40 20 24 24 14 13 30 27
31 25 35 17 20 12 17 33 25 23 27 38
39 27 22 17 23 18 11 29 35 34 38 21
13 34 35 16 36 20 23 12 17 31 14 22
12 12 21 25 30 30 20 20 23 29 25 11
0 0
JLJLLLLJLJLJ
